# Header Begin
# spekpy version: 2.0.10
# file type: exported_spectrum
# comment: A demo spectrum export
# Inputs
# ------
# Tube Voltage: 100.0 [kVp]; Anode Angle: 5.0 [degrees]; Energy Bin: 0.5 [keV]; Bin shift fraction: None []; Physics Mode: spekpy-v2-casim [str]; Mu Data Source: pene [str]; Target: W [str]; 
# x: 0.0 [cm]; y: 0.0 [cm]; z: 100.0 [cm]; Tube Load: 1.0 [mAs]; Bremsstrahlung Emission: True [bool]; Characteristic Emission: True [bool]; Oblique: True [bool]; Ref. air Kerma: None [uGy]; Ref. fluence: None [Photons cm^-2]; 
# Filtration: [('Cu', 0.05), ('Air', 1000)] [mm]; 
# Outputs
# -------
# Fluence: 241872332.5769 [Photons cm^-2];  Air Kerma: 137.6959 [uGy]; Mean Energy: 49.6443 [keV]; 
# First HVL Al: 2.2390 [mm Al];  Second HVL Al: 5.0788 [mm Al];  Homogeneity Coefficient Al: 0.4408 [-]; Effective Energy Al: 29.7168 [keV]; 
# First HVL Cu: 0.0815 [mm Cu];  Second HVL Cu: 0.2204 [mm Cu];  Homogeneity Coefficient Cu: 0.3700 [-]; Effective Energy Cu: 31.5083 [keV]; 
# Spectrum Units:
# [keV], [Photons keV^-1 cm^-2], [Photons keV^-1 cm^-2]
# Header End: 17 lines
1.2500;0.0000;0.0000
1.7500;0.0000;0.0000
2.2500;0.0000;0.0000
2.7500;0.0000;0.0000
3.2500;0.0000;0.0000
3.7500;0.0000;0.0000
4.2500;0.0025;0.0000
4.7500;0.6615;0.0000
5.2500;29.9250;0.0000
5.7500;446.3283;0.0000
6.2500;3237.2065;0.0000
6.7500;14403.3333;0.0000
7.2500;86233.5303;40612.2868
7.7500;114951.2306;1657.4324
8.2500;4095517.6858;3859605.7060
8.7500;510373.3362;80316.7987
9.2500;24.9012;0.1545
9.7500;1696.1507;1564.6862
10.2500;345.9644;82.1456
10.7500;634.6523;37.2829
11.2500;4669.3023;2955.2601
11.7500;4275.8446;1247.2507
12.2500;5962.0466;357.6979
12.7500;10537.0679;0.0000
13.2500;19122.3793;0.0000
13.7500;32427.6902;0.0000
14.2500;51820.1730;0.0000
14.7500;78715.5923;0.0000
15.2500;114533.3175;0.0000
15.7500;160547.8293;0.0000
16.2500;217517.1097;0.0000
16.7500;285966.1004;0.0000
17.2500;366325.5429;0.0000
17.7500;459043.2688;0.0000
18.2500;564093.3524;0.0000
18.7500;680683.1967;0.0000
19.2500;808507.7523;0.0000
19.7500;946336.9347;0.0000
20.2500;1093473.1375;0.0000
20.7500;1248795.1250;0.0000
21.2500;1410833.3746;0.0000
21.7500;1578267.3820;0.0000
22.2500;1750197.1973;0.0000
22.7500;1925330.3089;0.0000
23.2500;2102203.4576;0.0000
23.7500;2279540.3915;0.0000
24.2500;2456343.6809;0.0000
24.7500;2631478.6703;0.0000
25.2500;2804554.0832;0.0000
25.7500;2974508.4405;0.0000
26.2500;3140305.2941;0.0000
26.7500;3301085.6849;0.0000
27.2500;3456441.9225;0.0000
27.7500;3605260.3536;0.0000
28.2500;3747593.3754;0.0000
28.7500;3883079.1249;0.0000
29.2500;4011712.1774;0.0000
29.7500;4133057.9978;0.0000
30.2500;4247251.5624;0.0000
30.7500;4353894.2949;0.0000
31.2500;4453238.9418;0.0000
31.7500;4545077.7744;0.0000
32.2500;4629725.1189;0.0000
32.7500;4707095.0746;0.0000
33.2500;4777560.7704;0.0000
33.7500;4841062.6218;0.0000
34.2500;4898002.2169;0.0000
34.7500;4948399.9390;0.0000
35.2500;4992388.9162;0.0000
35.7500;5029930.0059;0.0000
36.2500;5061777.7859;0.0000
36.7500;5087931.9636;0.0000
37.2500;5108865.1821;0.0000
37.7500;5124662.5849;0.0000
38.2500;5135762.6399;0.0000
38.7500;5142230.9278;0.0000
39.2500;5144453.4662;0.0000
39.7500;5142547.3477;0.0000
40.2500;5136606.9316;0.0000
40.7500;5126687.0352;0.0000
41.2500;5113394.0234;0.0000
41.7500;5096799.8607;0.0000
42.2500;5077250.5664;0.0000
42.7500;5054797.0585;0.0000
43.2500;5029804.7436;0.0000
43.7500;5002246.7003;0.0000
44.2500;4972493.2757;0.0000
44.7500;4940501.9367;0.0000
45.2500;4906441.7945;0.0000
45.7500;4870122.4782;0.0000
46.2500;4832316.8559;0.0000
46.7500;4792752.4231;0.0000
47.2500;4751996.7155;0.0000
47.7500;4709637.3290;0.0000
48.2500;4666311.6200;0.0000
48.7500;4621615.6351;0.0000
49.2500;4576282.8425;0.0000
49.7500;4529728.0232;0.0000
50.2500;4482537.4307;0.0000
50.7500;4434096.6896;0.0000
51.2500;4385349.3556;0.0000
51.7500;4335692.7983;0.0000
52.2500;4285923.3374;0.0000
52.7500;4235351.1791;0.0000
53.2500;4184778.4136;0.0000
53.7500;4133539.0101;0.0000
54.2500;4082406.4363;0.0000
54.7500;4030707.2234;0.0000
55.2500;3979119.4820;0.0000
55.7500;3926962.9473;0.0000
56.2500;3875071.3365;0.0000
56.7500;3822736.6075;0.0000
57.2500;3770722.1721;0.0000
57.7500;10192604.4370;6474246.3976
58.2500;3666379.3002;0.0000
58.7500;3614164.3876;0.0000
59.2500;15117918.6825;11555556.5658
59.7500;3510428.3542;0.0000
60.2500;3458954.8270;0.0000
60.7500;3407422.7062;0.0000
61.2500;3356321.2257;0.0000
61.7500;3305149.8522;0.0000
62.2500;3254407.5408;0.0000
62.7500;3203662.9496;0.0000
63.2500;3153357.4821;0.0000
63.7500;3103067.4288;0.0000
64.2500;3053261.7795;0.0000
64.7500;3003513.3184;0.0000
65.2500;2954221.7387;0.0000
65.7500;2904985.9836;0.0000
66.2500;2856175.2834;0.0000
66.7500;4226975.1701;1419488.6649
67.2500;5516154.7607;2756905.9131
67.7500;2781367.8488;70220.8435
68.2500;2663446.4243;0.0000
68.7500;2615919.5433;0.0000
69.2500;3569424.1952;1000617.4605
69.7500;2136472.2059;126210.1937
70.2500;1945282.8485;0.0000
70.7500;1917837.6492;0.0000
71.2500;1890298.8724;0.0000
71.7500;1862770.2847;0.0000
72.2500;1835111.3871;0.0000
72.7500;1807341.1592;0.0000
73.2500;1779468.0437;0.0000
73.7500;1751328.5887;0.0000
74.2500;1723042.6437;0.0000
74.7500;1694512.8171;0.0000
75.2500;1665897.7584;0.0000
75.7500;1637042.4261;0.0000
76.2500;1608051.7905;0.0000
76.7500;1578804.9818;0.0000
77.2500;1549439.5732;0.0000
77.7500;1519846.0998;0.0000
78.2500;1490149.3230;0.0000
78.7500;1460223.1290;0.0000
79.2500;1430182.5353;0.0000
79.7500;1399938.0927;0.0000
80.2500;1369604.7161;0.0000
80.7500;1339059.9170;0.0000
81.2500;1308439.3413;0.0000
81.7500;1277609.2608;0.0000
82.2500;1246695.8644;0.0000
82.7500;1215565.9376;0.0000
83.2500;1184340.0284;0.0000
83.7500;1152921.6065;0.0000
84.2500;1121419.7100;0.0000
84.7500;1089702.7331;0.0000
85.2500;1057875.2320;0.0000
85.7500;1025837.8042;0.0000
86.2500;993691.2732;0.0000
86.7500;961317.8846;0.0000
87.2500;928812.9757;0.0000
87.7500;896078.0037;0.0000
88.2500;863202.0922;0.0000
88.7500;830085.5986;0.0000
89.2500;796808.7449;0.0000
89.7500;763276.1742;0.0000
90.2500;729554.1824;0.0000
90.7500;695581.2147;0.0000
91.2500;661420.4322;0.0000
91.7500;626997.9115;0.0000
92.2500;592364.0389;0.0000
92.7500;557464.0123;0.0000
93.2500;522350.5720;0.0000
93.7500;486991.1946;0.0000
94.2500;451436.1535;0.0000
94.7500;415595.7817;0.0000
95.2500;379518.1710;0.0000
95.7500;343059.4261;0.0000
96.2500;306297.1275;0.0000
96.7500;269050.9018;0.0000
97.2500;231507.4628;0.0000
97.7500;193219.5575;0.0000
98.2500;154817.7788;0.0000
98.7500;114829.8222;0.0000
99.2500;73968.8116;0.0000
99.7500;26286.2783;0.0000
